265
466
544
725
685
118
657
639
310
629
483
516
124
316
50
169
292
443
691
183
379
558
98
185
714
479
484
55
450
69
620
631
476
387
579
665
281
671
720
555
611
418
34
507
109
377
219
683
85
261
585
319
321
487
468
361
71
178
546
573
470
403
633
560
472
388
7
542
74
331
522
53
389
88
662
47
212
295
566
290
125
164
160
20
129
23
557
710
658
653
309
207
515
428
532
689
161
577
434
395
224
65
409
27
390
84
232
499
41
519
556
138
49
724
391
66
508
157
117
686
142
363
291
719
56
401
582
105
22
367
215
216
203
619
35
228
538
25
236
604
444
613
263
194
351
698
525
599
269
299
208
722
324
226
210
523
380
383
349
610
709
386
335
520
262
373
271
172
350
655
122
433
644
711
570
441
198
424
339
296
675
4
31
622
549
256
353
243
366
609
277
517
246
474
0
482
498
649
491
422
528
615
687
354
163
82
328
375
8
39
467
396
326
222
184
93
481
127
344
151
701
280
651
131
400
729
97
211
504
12
676
48
716
453
590
258
15
289
235
493
598
563
176
278
5
393
86
343
102
135
204
231
143
38
457
214
10
275
635
415
257
197
642
552
533
543
419
473
384
61
381
663
273
578
659
623
95
209
550
369
19
141
57
186
260
661
471
510
225
706
688
646
630
536
564
656
541
503
230
108
497
168
106
136
595
338
404
614
583
89
59
492
526
540
314
408
17
148
461
518
128
140
359
46
119
527
18
521
99
432
669
505
333
385
459
174
435
554
79
707
294
680
162
601
431
448
440
254
726
58
718
248
187
626
147
571
121
670
239
272
274
62
167
575
288
253
154
632
374
1
279
584
704
206
494
442
200
264
625
703
593
397
456
282
464
411
643
76
529
270
589
568
360
9
320
159
14
592
365
647
587
28
297
287
229
423
640
325
524
308
94
414
652
334
345
511
634
306
45
478
139
678
60
694
699
126
196
728
660
30
113
437
469
617
545
110
329
51
43
100
574
512
460
267
616
24
607
158
576
252
355
146
130
394
123
362
561
371
673
340
323
191
600
315
104
513
645
220
690
16
458
182
537
317
166
156
91
144
11
372
307
116
318
245
36
700
6
251
463
702
170
42
451
218
52
717
73
421
636
173
311
175
202
426
618
475
488
356
302
213
72
586
134
192
565
301
547
286
697
696
112
501
347
417
348
40
496
304
455
75
677
567
190
713
597
188
588
90
181
250
551
171
107
44
436
681
300
115
420
70
152
155
562
268
266
217
723
452
721
693
179
132
514
637
695
712
502
368
480
312
596
26
605
539
398
627
495
313
447
357
153
708
624
679
668
672
650
150
727
603
165
628
21
416
54
638
364
454
330
572
641
244
80
477
81
534
715
486
465
234
255
580
336
327
429
352
137
648
83
227
407
298
509
337
594
500
399
358
666
342
180
392
654
2
103
32
101
445
276
591
667
283
332
378
77
559
382
259
78
205
33
111
249
64
413
376
193
410
96
427
303
370
305
412
322
664
490
674
602
238
199
114
406
405
569
684
233
221
189
247
145
63
439
621
606
13
553
67
285
430
438
149
195
87
402
284
223
535
133
201
489
240
120
548
485
241
462
608
346
531
68
37
341
682
242
581
177
29
92
612
530
3
293
506
692
425
237
446
705
449